1
2.3
375.929.981-49
1
10
2.2
610.627.311-15
3
11
1.0
610.627.311-15
9
12
2.0
610.627.311-15
10
13
1.0
610.627.311-15
11
14
1.5
610.627.311-15
12
15
2.0
610.627.311-15
13
16
3.0
610.627.311-15
14
17
4.5
714.078.801-44
6
18
0.6
714.078.801-44
7
19
5.6
714.078.801-44
8
2
2.0
375.929.981-49
2
20
8.9
714.078.801-44
16
21
4.0
305.306.871-00
15
22
1.0
305.306.871-00
12
23
2.1
305.306.871-00
13
24
2.5
305.306.871-00
14
25
5.0
305.306.871-00
6
26
0.3
305.306.871-00
7
27
2.3
305.306.871-00
8
28
1.2
305.306.871-00
1
29
0.6
305.306.871-00
2
3
3.8
375.929.981-49
3
30
4.0
305.306.871-00
3
31
4.9
098.411.991-49
4
32
5.0
098.411.991-49
5
33
9.9
098.411.991-49
15
34
2.0
098.411.991-49
9
35
1.8
098.411.991-49
10
36
4.5
098.411.991-49
11
37
1.8
098.411.991-49
12
38
0.0
098.411.991-49
13
39
4.0
098.411.991-49
14
4
7.9
375.929.981-49
15
40
0.2
098.411.991-49
7
41
7.0
098.411.991-49
8
42
2.3
271.127.051-34
4
43
3.7
271.127.051-34
5
44
0.4
806.326.451-72
16
45
2.0
806.326.451-72
7
46
4.1
806.326.451-72
8
47
5.4
398.962.341-91
15
48
2.6
398.962.341-91
7
49
1.0
398.962.341-91
8
5
3.0
375.929.981-49
9
50
2.0
398.962.341-91
6
51
0.1
492.783.711-49
1
52
2.3
492.783.711-49
2
53
3.0
492.783.711-49
3
54
2.1
492.783.711-49
9
55
1.1
492.783.711-49
10
56
1.3
492.783.711-49
11
57
2.0
492.783.711-49
12
58
3.2
492.783.711-49
13
59
1.5
492.783.711-49
14
6
1.8
375.929.981-49
10
7
2.4
375.929.981-49
11
8
1.0
610.627.311-15
1
9
2.4
610.627.311-15
2
N001
19.0
123.456.673-54
17
N002
2.4
132.634.737-65
17
N003
18.0
143.643.157-37
17
N18J
2.3
143.643.157-37
18
N18M
0.0
123.456.673-54
18
N18P
0.0
132.634.737-65
18
